# cols = the number whenever less than it will run insertion sort
# rows = max_level to recursion
# value = time(ns)

                  insert
max_level             10       11       12       13       14       15       16       17       18       19       20       21       22       23       24       25       26       27       28       29       30       31       32       33       34       35       36       37       38       39
1               48903636 38858942 40769316 38949989 37834995 38051236 38307981 44787554 45883503 43579268 51995526 48920500 46987013 41143638 40832848 41353854 45002672 43778930 46005397 44154920 44962252 47843797 46268459 45526882 46045600 45116443 45610679 46473688 45589116 45686691 
2               47354619 49409493 47520324 49403766 49643125 47461069 50563150 48666564 49799177 49481721 48020137 49209521 47774105 49508926 50258759 48447899 49239965 47880485 49385296 56168414 49999859 52568530 50572694 50003702 50408907 50143481 50015754 49742562 49125503 50359490 
4               52815335 52731060 53919895 54274512 53684429 52884299 53194654 52589129 58515492 54473831 53340484 60088171 60935205 59854282 65291790 59115110 47073215 59915339 53607731 52396385 60067664 64976549 52869676 59480975 54272230 51703781 51303819 51439699 50766726 53012191 
8               56412547 51678337 57716867 56336345 55723862 53653164 47278954 44261345 43980491 52040291 53518274 46350684 54897846 47543902 53273733 53384411 50409796 48993801 51527995 50093321 55283224 55000785 60573637 60596684 65321468 52663797 51227374 57140554 48256322 47435880 
16              45304377 45612111 47704467 45022911 45225668 45239990 49944329 48631070 51295202 49086387 44080918 43538009 51306330 53385701 55039780 48666649 44746626 42866047 48727383 49305055 46151941 46973570 43361260 43410298 42999025 44214174 49767684 49796771 47007547 50773029 
32              45851267 40145571 39376143 46547310 47180542 53213418 44265576 46080246 41290827 46192160 38627230 38184258 41482674 44798315 44911718 47211351 51135036 42066858 48285066 45360359 54075347 42307475 47592794 39072082 38247640 37577240 37854885 45990414 42231517 43487446 
64              42364736 45672945 42923453 39785770 47251498 47142501 50083194 41259602 40559561 48828689 47944887 49350176 41819566 39151200 38788659 38146893 38997407 52870359 47294531 44022853 46255996 43341390 40455311 43394838 46096673 43787913 42358204 45482349 44242731 47208732 
128             46412844 46165265 43258312 49500333 43330502 53767279 62478213 54773466 50766957 50786078 50771713 49877200 50565172 55355212 48005195 39923140 41931636 44261651 39974036 48740054 50905308 50155010 45570128 51129759 50360716 50537111 50329890 51092329 55894000 55477213 
256             49726353 43011880 40867970 42361283 42102664 47214681 53205735 51499940 51628943 51658385 51344622 52083235 50672627 50485411 51535232 51466337 51457039 50490843 51458911 50772363 50789182 50191103 50228382 50127675 51129166 49389695 50149435 51045716 50478592 50124444 
512             52471159 51731359 52244499 52015647 52059004 50976055 51174642 51319373 50633015 51423813 50731001 50919954 51016563 51821168 51454590 56510681 55453962 56603825 53526307 51253402 50830222 50824402 50334947 50490148 50026459 49713097 50569087 50557223 50019753 50608442 
1024            52112996 52932461 51619939 53655397 52220364 51115746 51423654 51028163 51989205 51514162 51387837 50924791 50963114 50364519 50490741 50353294 51226445 51028076 49949954 50832286 50749561 50349511 51032503 51442239 74744504 65923242 54477170 52106697 51249554 50979317 
2048            59562122 53219868 55250151 55231818 52033401 51842208 51078599 51330119 51269985 52230451 52416330 52457268 51481280 51371479 51150871 54705311 49918585 50355967 50941373 50417350 51269520 51705438 40388087 38548339 50020575 53099053 52876026 60161925 51994589 53344993 
4096            51873574 52916247 52915763 51761702 51050771 51414078 51550840 50676332 49610124 51398513 51185261 51003942 51872092 50641027 50716709 50733720 51875755 51607214 50719549 51191649 50816045 50665765 50545151 50306637 50929726 50220411 49907462 49657902 49679140 50268281 
8192            51360471 51644659 50815431 52234550 51696378 51284277 50564302 50255099 51241832 50306411 51556125 50635238 51290699 50576336 51756732 51408977 50493814 50536492 50329020 51160126 50752167 50439383 50516548 49978425 49758303 54052585 53463177 51388030 51242542 51050168 
16384           52344943 52096071 52094249 51616226 54662252 54288372 48602203 46858130 42334503 48701594 47344449 46977685 46396368 49051970 51535554 52476262 44867731 49093861 53817879 51943826 52303392 50656024 50299479 50308062 52046688 52775965 52215587 51245870 51072496 51426260 
